       a        b        c        d        e        f        g        h        i        j        k        l        m        n        o        p        q        r        s        t        u        v        w        x        y        z
a       0     101       0      66       0     154       0       0      27       0      53       0      12       0     241       0       5       0      45       0     394       0      87       0     608       0       1       0      33       0       0     306       0     370       0     440       0      23       0      55       0      31       0       0      86    3138
b      28       0      43       0       0       0     147       0       0       0       0      62       0       2       0       0      57       0       1       0       0      78       0       0       0      28       0       1       0       2       0      58       0       0       0       0      35     542
c     140       0       0       5       0       0     308       0       0       0     158       0       6       0       0      57       0      14       0       0       0     125       0       0       0      60       0       0      32       0      42       0       0       0       0       1     948
d      19       0       2       0       0      32       0     186       0       2       0      21       0       0      74       0       1       0       0      26       0       0      10       0     178       0       1       0       0      33       0      38       0       0      28       0       8       0       1       0       0      13     673
e     279       0      15       0      50       0     351       0     171       0      26       0      38       0      11       0      31       0       0       3       0     163       0      88       0     371       0      12       0      44       0       0     659       0     256       0     144       0       1       0      60       0      17       0      31       0      72       0       6    2899
f      46       0       0       0       0      53       0      46       0       0       0      62       0       0       0      16       0       0       0     124       0       0       0      43       0       0      31       0      31       0       0       0       0       1     453
g      84       0       0       0       2       0     121       0       1       0      10       0     109       0      25       0       0       0      33       0       0       5       0      83       0       0       0      61       0      20       0       1       0      16       0       0       0       0       0       1     572
h     367       0       2       0       0       0    1488       0       2       0       0       0     266       0       0       0       1       0       3       0       0     186       0       0       0      37       0       0      74       0      31       0       0       0       0      16    2473
i      18       0       9       0     264       0     229       0      70       0      40       0      81       0       0       7       0       0      37       0     133       0      88       0     775       0      90       0       9       0       0      87       0     209       0     499       0       0      32       0       0       2       0       0      17    2696
j       4       0       0       0       0      12       0       0       0       0       0       0       0       0       0       0       2       0       0       0       0       0       0      41      59
k       6       0       0       0       0     156       0       0       0       0      86       0       0       0       1       0       0      38       0       1       0       0       0       0       5       0       1       0       1       0       0       0       0       4     299
l     138       0       1       0       0      96       0     288       0      54       0       1       0       0     350       0       0      24       0     283       0       2       0       0     131       0       3       0       0       1       0      16       0      16       0      34       0       7       0       2       0       0     148    1595
m     109       0      22       0       1       0       0     233       0       3       0       0       0      64       0       0       0       2       0       7       0       9       0     107       0      29       0       0       0      14       0       0      37       0       0       1       0       0      23     661
n      39       0       7       0      56       0     525       0     204       0       8       0     416       0       2       0      58       0       0      38       0      35       0       0      19       0     178       0       1       0       4       0       1       0      57       0     214       0      17       0       7       0       1       0       5       0      33    1925
o       7       0       3       0      17       0      40       0      10       0     253       0      19       0      18       0      51       0       5       0      89       0      67       0     125       0     393       0     207       0      50       0      10       0     253       0      50       0     158       0     511       0      37       0     214       0       7       0       1       0       1    2596
p      61       0       2       0       0       0     105       0       0       1       0       1       0      55       0       0       0      62       0       0       1       0      64       0      35       0       0      40       0       9       0      12       0      16       0       0       1       0       0       4     469
q       0       0       0       0       0       0       0       0       0       0       0       0       0       0       0       0       0       0       0       0      85      85
r     149       0       4       0      20       0      76       0     399       0       2       0      42       0       3       0     142       0       0      24       0      20       0      28       0      32       0     185       0      35       0       0      35       0     120       0      67       0      22       0       2       0       3       0       0     108    1518
s     215       0       1       0      14       0       0     288       0       0       0     357       0      96       0       0      14       0      22       0      13       0      14       0     134       0      25       0       1       0       3       0      90       0     261       0      55       0       0      13       0       0       3    1619
t     104       0       0      18       0       0     262       0       2       0       2       0    1286       0     193       0       0       0     100       0       8       0       8       0     363       0       3       0       0      88       0     104       0     131       0      45       0       1       0      24       0       0      23    2765
u       9       0      11       0      70       0      28       0      64       0       1       0      49       0       0      27       0       0       0      92       0      18       0      92       0       0      72       0       0     165       0     185       0     203       0       0       2       0       0       0       0       3    1091
v       5       0       0       0       0     235       0       0       0       0      29       0       0       0       0       0       0      28       0       0       0       0       0       1       0       1     299
w     254       0       0       0       8       0     119       0       3       0       1       0     193       0     137       0       0       0       8       0       0      62       0      83       0       1       0       0       5       0       5       0       0       0       0       4     883
x       5       0       0       3       0       0       6       0       0       0       0       6       0       0       0       0       0       0       0       3       0       0       0       0      16       0       0       0       1      40
y       3       0       4       0       1       0       1       0      28       0       0       0       0      18       0       0       0       4       0       2       0       1       0     146       0       0       0       7       0       7       0      14       0       0       1       0       1     238
z       1       0       0       0       0      19       0       0       0       0       6       0       0       0       3       0       0       0       0       0       0       0       0       0       0       0       0       0       0       3      32
  a:2090   b:227   c:585  d:1542  e:4972   f:470   g:734  h:2150  i:2092    j:13   k:331  l:1536   m:470  n:2438  o:2506   p:344    q:15  r:1912  s:1556  t:2317  u:1095   v:212   w:314    x:45   y:571    z:31